post_data <-
list(y2 = c(0.31188568740714401, 0.67979968909361044, 0.93221781803371795, 
0.1880315954316264, 0.058261562906917412, 0.4078871558948885, 
0.8750750592270935, 0.92664628375083891, 0.69048660865375255, 
0.48894813829024436, 0.94763487428941817, 0.032701845361357014, 
0.22898267069735956, 0.3025635436444884, 0.68096323617986676, 
0.98868140125853987), a_mean = 0.29929860691961413, b_mean = 1.0708742492090033, 
    n_mean = 0.69723158633440518, c_mean = 0.010775308691318328, 
    s_mean = 7.3791945338778131, d_mean = 0.021514046610932477, 
    pc_mean = 14057215.982453376, uc_mean = 0.0037196387491961413, 
    k1_mean = 1153363761.9324758, k2_mean = 5038735821.8585205, 
    k3_mean = 8525382717.5112543, ul_mean = 0.36000713621543406, 
    pl_mean = 158185814.17041799, y_max = 685.63819999999998, 
    y_min = 249.81569999999999, v_max = 749.5546018, v_min = 301.38147120000002, 
    theta_max = 5.985615224, theta_min = 0.012394764000000001, 
    a_sd = 0.01703394340091411, b_sd = 0.060764911115768955, 
    n_sd = 0.039847730011057354, c_sd = 0.00061826490788534339, 
    s_sd = 1.4099047136596419, d_sd = 0.0012449218961049491, 
    pc_sd = 5486676.4024739172, uc_sd = 0.0014412169282644715, 
    k1_sd = 65842449.88524659, k2_sd = 286712501.18523514, k3_sd = 485302224.56333411, 
    ul_sd = 0.020661061983005193, pl_sd = 9050813.8292797003)
